Start (HH:MM:SS),End (HH:MM:SS),Segment
0:00:03,0:00:11,"Hej, slušate podcast Subclub, emisiju posvećenu najboljim praksama za izgradnju i rast poslovanja s aplikacijama na pretplatu."
0:00:11,0:00:15,Podijelit ćemo unutarnje tajne iz najboljih aplikacija na pretplatu u trgovinama aplikacijama.
0:00:15,0:00:16,Uđimo u emisiju.
0:00:18,0:00:20,Dobro došli na podcast Subclub.
0:00:21,0:00:25,"Ja sam David Barnard, a moj suvoditelj je Jacob Eiting."
0:00:26,0:00:27,Pozdrav.
0:00:28,0:00:30,Danas je naš gost Eric Seufert.
0:00:31,0:00:36,Eric je imao prilično dobru karijeru u mobilnim uređajima od potpredsjednika za stjecanje korisnika u REIT-u.
0:00:36,0:00:43,Eric ima dubinsko iskustvo u mobilnim uređajima i igrama koje malo ljudi može nadmašiti nakon što je stekao u Roviou.
0:00:43,0:00:44,Također je plodan pisac.
0:00:45,0:00:53,Napisao je knjigu o ekonomiji slobodnih uređaja i napisao stotine zanimljivih članaka na svojoj web-stranici Mobile Dev Membo.
0:00:53,0:00:54,"Dobrodošao, Ericu."
0:00:54,0:00:55,Hvala što si se priključio nama.
0:00:56,0:00:57,"Da, hvala što si me primio."
0:00:57,0:01:05,"Dakle, obično bismo na podcastu poput ovog odmah počeli govoriti o svojoj karijeri i slično, ali htjela sam to preskočiti."
0:01:05,0:01:18,"Mogu pročitati tvoju LinkedIn stranicu ili bilo što drugo, ali bilo je dvije stvari koje sam smatrala posebno zanimljivima.ih stvari vezanih uz vaš pozadinski rad i volio bih se u njih upustiti umjesto da vam dajem dublji pregled."
0:01:18,0:01:26,"Dakle, vi ste, dok ste bili u Roviou, doživjeli stjecanje korisnika u razmjeru koji malo ljudi u industriji doživljava."
0:01:27,0:01:33,"Mislim, znate, morali ste imati prilično velik budžet za upravljanje i milijune i milijune stjecanja."
0:01:33,0:01:43,Zato bih volio čuti bilo kakve priče o ratu ili kako je upravljati UA-om u tom razmjeru i samo nam malo više ispričati o svom iskustvu s Rovioom.
0:01:43,0:01:45,"Da, sigurno."
0:01:45,0:01:54,"Budući da je proračun koji smo imali u tvrtki Roebue zapravo bio ne baš velik, mislim, u to vrijeme, pa kad sam se pridružio, tvrtka nikad nije radila UA dosljedno."
0:01:56,0:02:11,"Imali su tim za UA, ali su se nekako samo prebacivali na nešto poput freemium načina razmišljanja i nekako su preoblikovali cijelu organizaciju oko toga, oko stvaranja freemium proizvoda i igara kao usluge."
0:02:12,0:02:15,"Dakle, dobro su radili UA prije nego što su obično radili na lansiranju, zar ne?"
0:02:16,0:02:20,"Dakle, imali bi proračun za UA za lansiranje, a onda bi imali beats."
0:02:20,0:02:32,"Možda bi, znate, napravili ažuriranja poput velikih ažuriranja igara koje su htjeli promovirati, ali nije bilo takve vrste infrastrukture za nešto poput kontinuiranog UA-a."
0:02:33,0:02:34,I tako sam došao i izgradio to.
0:02:35,0:02:41,"Ali mislim da je zanimljivo u radu u Romeu bilo vidjeti snagu brenda, zar ne?"
0:02:42,0:02:45,Snagu nekog potrošačkog brenda.
0:02:45,0:02:58,"Jer, znate, iako je iznos novca koji smo potrošili bio, znate, nije bio, znate, vrijedan napomena, samo je doprinos koji smo postigli s tim budžet budžetom bilo je točno."
0:02:58,0:03:00,"To smanjuje vaš CAC, zar ne?"
0:03:00,0:03:02,Kada imate tako snažnu marku.
0:03:02,0:03:09,"Da, marka je samo toliko povećala učinkovitost u vrsti konverzijskog lijevka oglasa, zar ne?"
0:03:10,0:03:15,"Dakle, samo veći postotak stope klikanja, veći postotak stope instalacije, ljudi su znali što dobivaju."
0:03:15,0:03:26,"Sada, ono što nismo dobro radili dok sam bio ondje, što ne znači da bih to pristupio na isti način sada jer se industrija od tada puno promijenila i razvila."
0:03:26,0:03:32,"To je bilo prije pet godina, ali ono što nismo dobro radili dok sam bio ondje bilo, bilo je to neka vrsta testa za povećanje prihoda, zar ne?"
0:03:33,0:03:47,"Dakle, mislim da smo samo pokazivali oglase ljudima i brojali svaki pojedini klik i instalaciju i dolar potrošen nakon te instalacije od tog korisnika kao potpuno povećani prihod."
0:03:47,0:03:53,"Nismo puno testirali, dobro, što bi se dogodilo da ne oglašavamo tu osobu, zar ne?"
0:03:53,0:03:58,"Da nisu vidjeli tu oglas, instalirali bi li igru u svakom slučaju?"
0:03:58,0:04:05,"Ne mislim da bi to bilo tako jer mislim da je dio toga gdje povećanje prihoda postaje zanimljivo zapravo razina potrošnje, znate."
0:04:05,0:04:11,"Znate, koja je od oglasa koje pokazujete nekome donijela prihod?"
0:04:11,0:04:26,"Ne, pitanje, poput negativnog scenarija u testu povećanja za većinu oglašivača nije, dobro, da nisam pokazao ovaj oglas, ovaj bi korisnik, bez ikakvog poticaja, vjerojatno ništa ne bi učinio."
0:04:26,0:04:38,"Sada je stvarno važno pitanje, stvarno zanimljivo pitanje za povećanje, poput toga je li ga ovaj oglas potaknuo da instalira aplikaciju u odnosu na tri druge koje su vidjeli danas?"
0:04:38,0:04:41,"Dakle, kada imate vrlo nisku razinu trošenja, povećanje nije toliko važno."
0:04:41,0:04:44,Mislim da za nas to ne bi puno promijenilo način na koji smo radili stvari u to vrijeme.
0:04:44,0:04:58,"Ali kad trošite mnogo novca i pokazujete osobi pet oglasa dnevno, povećanje je zapravo ključno i treba shvatiti, dobro, koliko je vrijednost donijela taj oglas u odnosu na samo druge četiri ili pet ili bilo što drugo?"
0:04:59,0:05:06,"I da im nisam pokazao taj, ali su vidjeli onaj na Facebooku, onaj na Twitteru i onaj na TV-u, hoće li ga i dalje instalirati?"
0:05:06,0:05:22,"To je zanimljivije pitanje jer kad ti budžeti postanu jako veliki, dobivate signal koji dolazi iz svih tih različitih medija i shvaćate koji od njih zapravo pok donosi vrijednost i doprinosi vrijednosti, to je važnije."
0:05:22,0:05:25,"Ali, ali, u svakom slučaju, to je samo, uh, tada nismo baš toliko razmišljali o tome."
0:05:26,0:05:31,"Ali, da, mislim, samo gledajući da je učinkovitost lijevka za oglase zaista bila poučna, zar ne?"
0:05:31,0:05:38,"Jer sam došao, mislim, došao sam iz druge tvrtke koja je radila casual igre, ali, znate, mjerila lijevka nisu bila ni blizu onoga što smo vidjeli u Rovio."
0:05:38,0:05:46,"Kada smo pokrenuli Eggiverse dva, zapravo su neke mreže mislile da imaju, kao da imaju unutarnji problem jer su stope klikova bile tako visoke."
0:05:46,0:05:49,"Jer su vidjeli nešto poput dvadeset posto, trideset posto stope klikova, zar ne?"
0:05:49,0:05:50,"I govorili su, dobro, moramo."
0:05:50,0:05:51,"Rekli su: Moramo, mora postojati neki problem."
0:05:51,0:05:54,"Moramo imati problem s analitičkim podacima, ali nije bilo tako."
0:05:54,0:05:55,Svatko je kliknuo na oglas.
0:05:55,0:05:56,"Mislim, radi se o razlikovanju, zar ne?"
0:05:57,0:06:00,"Kao da imate razlikovanje, a brenda je sjajan način za razlikovanje."
0:06:00,0:06:03,"Mislim, stvarno, kao što je igra Angry Birds zabavna, ali je igra koja srušava blokove."
0:06:03,0:06:04,Nije ništa slično.
0:06:05,0:06:11,"Ima ih puno, ali imali su ovu marku i mislim da bi 2015."
0:06:11,0:06:14,"bila godina nakon što su prestali koristiti samo mobilne aplikacije, zar ne?"
0:06:14,0:06:24,"U toj su fazi imali svoju trgovinu i film je bio u pripremi, ako još nije izašao, i već su gradili neku vrstu medijske imovine oko ptica, zar ne?"
0:06:25,0:06:46,"Dakle, u vezi s vašim pitanjem o postupnosti, kako to praktično, mislim, mislim da je dovoljno jednostavno napraviti test zadržavanja u kojem kažete, recimo, pokažite mi prihod za kohortu koju ću ostaviti iz ove kampanje ciljanja ili nešto slično da vidim koliko prihoda generiraju i onda pogledam razliku."
0:06:46,0:06:52,"Ali kako biste mjerili, da, neke od teže, manje, recimo, složenije stvari o postupnosti?"
0:06:52,0:06:56,Čini se da je stvarno teško dobiti kvantitativne informacije.
0:06:57,0:07:00,"To je, to je, ali mislim da će to učiniti svatko."
0:07:00,0:07:06,"Svi će nastaviti s majstorskim tečajem o postupnom povećanju, samo na temelju ideje."
0:07:06,0:07:08,Mislim da je to u konačnici ono što nas zanima.
0:07:08,0:07:17,"Mislim da je to ono što nas zanima, ako kažemo da više ne možemo pripisivati razinu uređaja, onda sve postaje vježba postupnog povećanja."
0:07:18,0:07:19,To je mjerenje.
0:07:19,0:07:22,"Dakle, mislim da ćemo svi biti mnogo više informirani o tome."
0:07:23,0:07:32,Ali na konceptualnoj razini postupno povećanje se temelji samo na promatranju varijacija troškova oglasa i bilo kakve mjerne jedinice ishoda.
0:07:32,0:07:35,"Dakle, ako razmislite, želimo indeksirati sve naše."
0:07:35,0:07:42,Želimo mjeriti troškove oglasa prema prihodima.
0:07:42,0:07:51,"Pa onda, način na koji to radite jest da pogledate varijacije u troškovima oglasa i varijacijama prihoda i potražite korelacijski učinak, zar ne?"
0:07:51,0:07:57,"Dakle, ako razmišljam o mnogim ljudima, jedan način na koji to rade jest da, recimo, izradite izlaz, zar ne?"
0:07:57,0:07:58,"Dakle, samo ću ga potrošiti."
0:07:59,0:08:03,"Jedini problem s tim je da stvarate neku vrstu okruženja koje neće postojati, zar ne?"
0:08:04,0:08:08,"Kada primjenjujete naučene lekcije iz toga, zar ne?"
0:08:08,0:08:10,"Dakle, ako kažem da želim."
0:08:10,0:08:12,Želim znati kakav je dodatni utjecaj troškova Facebooka.
0:08:12,0:08:15,Samo ću smanjiti troškove Facebooka i vidjeti što će se dogoditi.
0:08:15,0:08:19,"Pa, u redu, učeš što se događa kad je Facebook isključen, zar ne?"
0:08:19,0:08:24,Tako se ponašaju ti drugi kanali kad je Facebook isključen.
0:08:25,0:08:27,Ne govori ti nužno što Facebook doprinosi.
0:08:27,0:08:33,"U redu, jer to nisu područja u kojima uzimaš djelomičnu derivaciju s svakim od njih, ali nisu neovisne varijable, zar ne?"
0:08:33,0:08:36,"Dakle, svaka od tih mreža, svaka od tih troškovnih kanala međusobno je ovisna."
0:08:37,0:08:39,"Dakle, ne možeš gledati pojedinačni učinak."
0:08:39,0:08:45,"Mislim da je to uvijek bilo, znaš, s gledišta znanosti o podacima, mislim da je to teška strana znanosti o podacima općenito, kako se identificira?"
0:08:45,0:08:48,Kako izoliramo radnju ili uzrok i posljedicu?
0:08:49,0:08:54,"I spomenuli ste ove široke korelativne studije, zar ne?"
0:08:55,0:09:07,"Kao što vidite, jer imam osjećaj, pogotovo kad govorimo o Roveu, ali na kraju kad dođete do ove skale i imate toliko točaka dodira i toliko kanala, kao što sam zamišljao, marka poput Pepsi, nemaju dobru ideju o povećanju."
0:09:07,0:09:08,Ne mogu zamisliti.
0:09:08,0:09:09,Znaš što mislim?
0:09:09,0:09:12,"Kao da ne znaju koliko proizvodi njihova reklama za Super Bowl, zar ne?"
0:09:13,0:09:14,"Ne, ne, sumnjam u to."
0:09:14,0:09:20,"Mislim, znam da neke od ovih marki CPG donose malo sofisticiranosti u to."
0:09:20,0:09:23,"Mislim, ne bacaju novac samo na agencije."
0:09:23,0:09:25,I često se oslanjaju na agencije.
0:09:26,0:09:28,I ima puno agencija koje su zaista sofisticirane.
0:09:28,0:09:36,Jedini problem s onim što rade jest da je još više buke jer nema izravnog odgovora.
0:09:37,0:09:42,To je ono što čini VR zanimljivim poljem za rad jer dobivate taj neposredan odgovor.
0:09:42,0:09:45,Kao da odmah znam hoće li netko instalirati moju aplikaciju ili ne.
0:09:46,0:09:53,"Ili bih mogao reći, znam da ako je korisnik instalirao aplikaciju i to je bilo iz oglasa, to se vjerojatno dogodilo prilično brzo."
0:09:53,0:09:57,"Nije bilo dugog razmatranja.ja s njihove strane, poput: Trebam li ga preuzeti?"
0:09:57,0:09:59,Je li ovo prava vrsta aplikacije koju želim preuzeti?
0:09:59,0:09:59,"Mislim, besplatna je."
0:10:00,0:10:03,Nitko ne hoda kao što to radi kad razmišlja o kupnji novog automobila.
0:10:03,0:10:04,Trebam li preuzeti Rebirds?
0:10:04,0:10:04,Ne znam.
0:10:05,0:10:06,Pustite da se na njemu šetam.
0:10:06,0:10:07,"Da, točno."
0:10:08,0:10:14,"Nema razmatranja i nema, znate, kupovine cijena, znate, posebno za besplatne aplikacije, zar ne?"
0:10:14,0:10:15,"I to je samo, da, samo ga preuzmite ili ne."
0:10:16,0:10:18,"Samo je trošak prebacivanja nula, zar ne?"
0:10:19,0:10:21,"I trošak prilike vašeg vremena je prilično nizak, zar ne?"
0:10:22,0:10:23,Preuzmite ovu aplikaciju i reproducirajte je deset sekundi.
0:10:23,0:10:27,"Dakle, mislim da je to ono što je tako zanimljivo u mobilnom ekosustavu, to je ta neposrednost."
0:10:28,0:10:30,"To je taj nedostatak trenja, znate."
0:10:30,0:10:36,"I znate, iako postoje neki trenjaci između gledanja oglasa i instalacije aplikacije i trošenja novca, prilično su minimalni, zar ne?"
0:10:36,0:10:38,"Kao što ste rekli, to nije kao kupnja automobila."
0:10:38,0:10:39,"I sve su čvršći i čvršći, zar ne?"
0:10:39,0:10:42,Ljudi ugrađuju sve više vremena u svoje aplikacije.
0:10:42,0:10:48,"Kao što se pretplate sve više približavaju početku, mislim da je to uglavnom zbog efekta mjerenja, zar ne?"
0:10:48,0:10:51,"Što je netko bliže konverziji, brže ćete moći razumjeti ove kanale."
0:10:51,0:10:51,"Da, da."
0:10:52,0:10:53,"Pa, to je bilo prilično duboko."
0:10:53,0:11:02,Želim se vratiti korak unatrag i to zapravo odgovara upravo onome u što ste se vi već uronili.
0:11:02,0:11:07,"A to je vaša stranica za pitanja i odgovore, QuantMar.ar."
0:11:08,0:11:18,"I tako sam samo bio znatiželjan, mislim, očito, čak i u ovoj preliminarnoj fazi našeg razgovora, govorite kao kvantitativni analitičar."
0:11:18,0:11:30,"Dakle, to je bilo nekako vaše razmišljanje o odabiru imena, a onda što mislite o kvantitativnoj analizi u kontekstu mobilnog marketinga i kako sve to uklapa?"
0:11:30,0:11:33,"Pa, mislim da je to u osnovi jezgra toga, zar ne?"
0:11:33,0:11:36,"Mislim da je to alat koji vam je potreban da biste bili dobri u tome, zar ne?"
0:11:36,0:11:40,To je jedna stvar koja me je počela mučiti prije nekoliko godina.
0:11:40,0:11:49,"bilo je kao da je došlo do eksplozije potražnje za UA-jevim stručnjacima, zar ne?"
0:11:49,0:11:58,"Kao da, znate, UA osoba, kao da trebamo zaposliti osobu iz UA-ja i da taj naslov nije baš bio sugestivan za ono što je posao, zar ne?"
0:11:59,0:12:07,"I zapravo, posao je mogao izgledati tako drugačije ovisno o tome u kojoj ste tvrtki radili, zar ne?"
0:12:07,0:12:09,"Dakle, jednostavno sam mrzio to."
0:12:09,0:12:12,Mrzio sam to da kažem da sam UA menadžer ili da vodim tim UA.
0:12:13,0:12:15,"Samo, nije se činilo da opisuje ono što radim."
0:12:15,0:12:21,"Opisala sam što sam radila, s obzirom na to da njihov UA menadžer možda radi nešto vrlo, vrlo drugačije, poput svakodnevnog radnog toka."
0:12:23,0:12:34,"Moj je osjećaj da je to samo da budem stvarno dobra u tome, i počela sam se odmaknuti od upotrebe riječi, upotrebe izraza stjecanje korisnika prema samo izvedbenom marketingu, zar ne?"
0:12:34,0:12:41,"Moj je osjećaj da je stvarno dobro u izvedbenom marketingu poput razumijevanja mjerenja, zar ne?"
0:12:41,0:12:49,"Jer mislim da je to zapravo ono gdje se izvedbeni aspekt toga dobiva, zar ne?"
0:12:50,0:13:02,"Razumijevanje kako mogu pripisati prihod i instalacije kampanji i razumjeti takvu vrstu temeljne učinkovitosti, to je o modelu."
0:13:03,0:13:07,Radi se o modelu koji gradite i koji upravlja tim procesom mjerenja.
0:13:08,0:13:14,"Dakle, samo klikanje gumba oko Facebookovog upravitelja oglasima, to nije performanse marketing, zar ne?"
0:13:16,0:13:20,"To je samo bilo što, to su oglasne operacije ili nešto slično, zar ne?"
0:13:20,0:13:25,"A onda, znate, u posljednje je godine bilo puno toga."
0:13:25,0:13:32,"Znate, efikasnost svega ovoga apsorbirala je platforme same, zar ne?"
0:13:32,0:13:34,"Dakle, počele su raditi puno teškog posla."
0:13:34,0:13:35,Ali to je opasno.
0:13:35,0:13:37,"Ne želite da platforme provode vašu mjerenje, zar ne?"
0:13:38,0:13:42,"To zapravo nije dobro jer će uvijek privilegirati svoje kampanje, zar ne?"
0:13:42,0:13:47,"I nemaju dobru vijest, gospodine marketinške stručnjake, vaše kampanje idu dobro, zar ne?"
0:13:47,0:13:52,To je poput šale u zajednici UA-a da će vam Google uvijek reći da trošite više novca.
0:13:52,0:13:56,"Bez obzira na pitanje koje postavite Googleu, volim njihov nastup."
0:13:56,0:13:57,"To je poput, samo trošite više novca."
0:13:57,0:14:03,"Da, analizirali smo vašu kampanju ovaj tjedan.na pokazala se malo više i mislim da ćemo vas dovesti do vašeg cilja."
0:14:03,0:14:04,To je takva prevarantska stvar.
0:14:04,0:14:08,"To je kao, znate, to je kao i stvar s medicinom šarlatana, zar ne?"
0:14:08,0:14:10,"To je kao, oh, trebate samo još jedno liječenje, zar ne?"
0:14:10,0:14:11,"Da, da, da."
0:14:12,0:14:13,"Ali mislim da je do neke mjere istina, zar ne?"
0:14:13,0:14:23,"Jer, jer je to često paradoksalno, može biti istina da kampanja ne radi dobro ako povećate proračun, povećate ponudu, a zatim povećate proračun."
0:14:24,0:14:24,To bi se moglo dogoditi.
0:14:24,0:14:26,"I vidio sam da se to događa, zar ne?"
0:14:26,0:14:33,"Jer je to pogotovo s Googleom jer je Google nekako podijelio sve svoje različite kanale u ovaj proizvod UAC, zar ne?"
0:14:33,0:14:35,I tako biste mogli ostati zarobljeni.
0:14:35,0:14:35,"U nekom smislu, zar ne?"
0:14:35,0:14:40,Na nižim razinama u smislu vrijednosti prometa.
0:14:40,0:14:42,"Na nižim kanalima prometa, zar ne?"
0:14:43,0:14:45,"Možda ste u Google Display Networku, zar ne?"
0:14:45,0:14:48,I tamo se sve vaše oglase usmjeravaju jer vaša ponuda nije dovoljno visoka.
0:14:48,0:14:50,I zapravo nije kao da se kreće prema višoj vrijednosti.
0:14:50,0:14:54,"Dakle, postoje diskretni prekidači gdje ćete se probiti u bolje."
0:14:54,0:14:55,"Da, točno."
0:14:55,0:14:59,"A onda, s većim budžetom, to omogućava više eksperimentiranja u tim različitim kanalizacijama."
0:15:00,0:15:09,"Dakle, ako samo povećate svoju ponudu, ali uz ograničen budžet, sav će budžet ići onome tko je do sada dobio većinu budžeta jer tako rade ove vrste algoritama optimizacije."
0:15:09,0:15:15,"Ako povećate proračun, to je vrsta ciklusa eksperimentiranja."
0:15:15,0:15:23,"A ako povećate ponudu, vaša ponuda je dovoljno visoka da možete početi eksperimentirati s kanalima veće vrijednosti, a onda zapravo možete povećati svoju izvedbu."
0:15:24,0:15:31,"Ali, mislim, da, to je ono što ne mislim da bi većina predstavnika računa to tako artikulirala i ne mislim da bi većina menadžera UA to tako tumačila."
0:15:31,0:15:33,"I tako je to vrsta, i to je, znate, samo nekako smiješno."
0:15:33,0:15:36,"To je poput, oh, dobro, ne radiš dobro, povećaj proračun, povećaj ponudu."
0:15:36,0:15:42,"Pa, to je poput, dobro, u nekom trenutku moraš shvatiti zašto bi to moglo biti slučaj, zar ne?"
0:15:43,0:15:45,"I onda također, kada ću znati da to definitivno nije slu slučaj."
0:15:45,0:15:51,Zapravo to nije funkcija ograničenja moga ponude i budžeta.
0:15:51,0:15:52,"Ali, da, imaš pravo."
0:15:52,0:15:54,"Mislim, to je smiješno."
0:15:54,0:16:00,"To je poznati trop koji se iznosi poput: O, samo povećaj svoj budžet i povećaj ponudu."
0:16:00,0:16:04,"To je kao da su stvorili tako složene sustave, zar ne?"
0:16:04,0:16:13,"Da gotovo trebaju, ne mogu očekivati da svaki kupac ima kvantitativnog marketinškog stručnjaka u svom timu ili nekoga tko može modelirati, zar ne?"
0:16:13,0:16:17,"Dakle, ima smisla da bi morali izgraditi nešto poput: Evo kako se to odvija."
0:16:19,0:16:26,"To me pita., kakav je dug rep prihoda tih platformi koji dolazi od samo nepotpuno optimiziranih troškova?"
0:16:26,0:16:34,"Kao što sam često dobio za mame i tate i slično, mi smo potpuno izvan fokusa, kao što su tražilice i slično, samo nasišu."
0:16:35,0:16:52,"Mislim, to dovodi do raznih pitanja, kao što je, znate, mislim, ovo može ući u neke stvari IDFA-e, ali kako nedostatak IDFA-e zapravo samo gura više moći u ove platforme i manju vidljivost za ljude koji zapravo stavljaju kupnje za oglase."
0:16:53,0:16:54,"Ali, da."
0:16:54,0:17:07,"Da, svaki put kad otvaram Google Analytics, jednostavno odbacujem, odbacujem, odbacujem, odbacujem sve te prijedloge."
0:17:07,0:17:16,"Ovi sustavi su dizajnirani da ublaže tu potrebu, zar ne, s dijela oglašivača da ne mora imati veliku ekipu znanstvenika podataka koji rade na ovim modelima, kao što je, evo, učinit ćemo to umjesto vas."
0:17:16,0:17:21,"I iskreno, mislim, Google bi to mogao učiniti bolje od bilo kojeg pojedinačnog oglašivača, zar ne?"
0:17:21,0:17:21,To je Google.
0:17:22,0:17:29,"I u svakom slučaju, činjenica da su, recimo, sindicirali sve te podatke među svim tim različitim oglašivačima, imaju više podataka nego što bi mogao bilo koji pojedini oglašivač, zar ne?"
0:17:29,0:17:30,I to je dobro.
0:17:30,0:17:34,Mislim da nije ni loše što nisu tako transparentni u vezi s tim.
0:17:34,0:17:35,Mislim da bi mogli biti transparentniji u vezi s tim.
0:17:35,0:17:40,"Ali cijela je ideja da, ako smo transparentni u vezi s tim, onda nam samo pokušavate reći što da radimo."
0:17:41,0:17:49,Kao da vam kažemo da bolje znamo što da radimo i da smo potaknuti da to dobro radimo jer ćete onda potrošiti više novca s nama.
0:17:49,0:17:52,"Dakle, ne mislim da postoji neka vrsta perverzne poticaja."
0:17:52,0:17:55,"Kao da vam Google donosi dobre rezultate, onda ćete potrošiti više novca s njima."
0:17:55,0:18:00,Problem je u tome što Google je potaknut samo da donese rezultate koji su dovoljno dobri.
0:18:00,0:18:04,"Ako mu kažete, evo, moram postići sto deset posto ROAS-a u ovom budžetu."
0:18:05,0:18:07,"Oni će optimizirati prema tome, zar ne?"
0:18:07,0:18:13,"Kao da nemaju poticaj da vam isporučuju sto dvadeset posto ili da pronađu nove lokalne maksimuma, zar ne?"
0:18:13,0:18:16,Uhvatit će se u nekom lokalnom maksimumu i onda će samo reći: To je dovoljno dobro.
0:18:16,0:18:17,"Da, točno."
0:18:17,0:18:24,"Pa, jer, znate, jer je činjenica da mogu potrošiti vaše novce ako vam isporučuju sto dvadeset posto ROAS-a, zar ne?"
0:18:24,0:18:26,To je samo manje novca koje trošite.
0:18:26,0:18:31,"Trenutno biste mogli reći: Pa, dugoročno ćete povećati svoj budžet s njima, možda, ali možda ne."
0:18:31,0:18:42,"Sada, u kratkoročnom razdoblju, ako vam isporučuju sto dvadeset posto, zašto ne preusmjeriti dio tog budžeta na kanale s visokim izlazom, na kanale s visokim izlalazom na kanale s nižim izlazom, zar ne?"
0:18:42,0:18:46,"Ti su manje konkurentni jer će svi nastaviti licitirati za taj inventar koji ima visok izlaz, zar ne?"
0:18:47,0:18:48,Kao da proizvodi visoku ROAS.
0:18:49,0:18:58,"Zašto ne uzeti dio tog budžeta i staviti ga na kanale s niskim izlazom, kao što su kanali s niskim prinosom koji su nekako podcijenjeni i dovesti vas točno tamo gdje ste rekli da želite biti i ne možete se žaliti."
0:18:58,0:19:03,"Rekli ste da je moj cilj ispod deset posto, isporučili ste i ja nemam pojma jer nemam tu vidljivost."
0:19:03,0:19:08,"Ne znam je li zapravo, zapravo, dodjeljujete dvadeset posto mog budžeta ovom kanalu koji mi ne donosi prihod."
0:19:09,0:19:09,Zašto je to tako?
0:19:09,0:19:10,Pa zato što ga monetizujem.
0:19:11,0:19:14,Inače bi to bilo potpuno nepotrebno.
0:19:14,0:19:18,Nije važno kako to zapravo utječe na vaš volan ili stvarnosti vašeg posla.
0:19:19,0:19:24,To je ono što se događa u algoritmskom trgovanju.
0:19:24,0:19:35,Tražite prednost jer u osnovi licitirate protiv drugih tvrtki koje pokušavaju profitabilnije kupiti ove oglasne kanale.
0:19:35,0:19:36,"Dakle, postoji prednost."
0:19:36,0:19:40,"Tražite tko može bolje modelirati ovo, tko može pronaći bolju kombinaciju."
0:19:40,0:19:44,Je li to ispravan način razmišljanja u smislu analogije s kvantom?
0:19:44,0:19:48,"Da, zato sam odabrao i tu frazu."
0:19:49,0:20:05,"Jer mislim da ako razmišljate o radu u tvrtki u kojoj trošite, ne znam, pet milijuna mjesečno, što mnoge tvrtke rade, to nije tako rijetko, onda upravljate prilično velikim portfeljem novca, zar ne?"
0:20:05,0:20:09,"Ako razmišljate o prometu, on je visok, zar ne?"
0:20:09,0:20:24,"I tako, dobro, zašto ne bi, mislim da je to samo pitanje pozicioniranja, zašto performanse marketinški stručnjaci i digitalni marketinški stručnjaci ne zarađuju toliko novca kao što mislim, da, u osnovi tražite povrat, zar ne?"
0:20:24,0:20:25,"Dakle, da, točno."
0:20:25,0:20:25,Ali to je vrlo slično.
0:20:25,0:20:27,"To je drugačije jer se kapital kreće, što malo mijenja igru, zar ne?"
0:20:27,0:20:29,To nije kapital koji stoji.
0:20:29,0:20:35,To je kao da se stalno reinvestira.
0:20:35,0:20:35,Točno.
0:20:36,0:20:42,"Dakle, ako sam potrošio pedeset milijuna u godini, mislim, vjerojatno je dio toga došao natrag u roku i ponovno se raspodijelio, zar ne?"
0:20:42,0:20:48,"Dakle, ovisno o vremenskom okviru LTV-a i vremenskom okviru oporavka, možda je zapravo samo trideset milijuna, samo je upotrijebljeno."
0:20:49,0:20:50,Neki od tih dolara upotrijebljeni su dvaput.
0:20:50,0:20:55,"Ali i dalje, bez obzira na to, ako sam u godinu raspodijelio trideset milijuna, to nije unutarnji fond."
0:20:55,0:20:56,Da.
0:20:56,0:21:08,"I zašto ljudi koji su ras se bave marketinškim poslovanjem plaćaju isto kao i ljudi koji, znate, uh, samo upravljaju portfeljem u hedge fondovima, zar ne?"
0:21:09,0:21:12,Ja ću se zalagati za to kao tvrtka koja ne zapošljava nikakve performanse.
0:21:15,0:21:16,Slažem se.
0:21:17,0:21:20,"Mislim, da budem pošten, ljestvica je drugačija, zar ne?"
0:21:20,0:21:25,"Mislim, čak i ako to deset puta povećate, mislim, fond od tristo milijuna dolara nije tako velik."
0:21:26,0:21:42,"Um, ali i dalje, moj je stav bio da mislim da nije u redu razmišljati o tome da je problem u tome, u nekoj vrsti uloge marketinga performansi definirana od strane najmanje tehničkih ljudi u tom području općenito, zar ne?"
0:21:42,0:21:53,"Mislim da je ideja o kvalifikacijama i, znate, stoga i o naknadi za tu ulogu definirana od najniže zajedničke nazivnice, koja je pritisak gumba, zar ne?"
0:21:53,0:21:56,Osoba koja ima proračunsku tablicu ima dva otvorena zaslona.
0:21:56,0:22:00,"Na lijevoj strani je proračunska tablica koja kaže: Eh, trebao bih ponuditi ovu cijenu na ovoj kampanji."
0:22:01,0:22:06,"A na desnoj strani je Facebookov oglasni renderer koji kaže: U redu, evo kutije i samo ću pritisnuti miš na nju."
0:22:06,0:22:10,Pritisnut ću tipku Backspace i ažuriratiirat ću ga onim što kaže ovo.
0:22:10,0:22:12,"I evo, to je stjecanje korisnika, zar ne?"
0:22:12,0:22:15,Zato mi se ne sviđa pojam stjecanje korisnika.
0:22:15,0:22:20,"I mislio sam da je možda preispitanje općenito bolje za polje, zar ne?"
0:22:20,0:22:36,"Jer ako razmišljam o tome, znate, s dugoročnog stajališta, želite privući najbolje ljude, želite da ljudi osjećaju da su kvalifikacije, znate, prilično visoke, zar ne?"
0:22:36,0:22:37,Kao da su prilično impresivne.
0:22:38,0:22:40,"I želite da se osjećate, znate, evo, dodana vrijednost je vrlo visoka."
0:22:40,0:22:43,"I tako, počinje samo imenom, zar ne?"
0:22:43,0:22:44,"Konvencije za imenovanje, nemojte ga zvati."
0:22:45,0:22:51,"UA menadžer ili Facebook oglašivač, zvajte ga kvantitativnim marketinšem i to će samo promijeniti percepciju."
0:22:51,0:23:03,"I isto bi se moglo dogoditi s znanost o podacima kao ulogom u posljednjih pet godina, kada je išao od poslovnog analitičara ili nečega sličnog na nekoga tko je samo radio na Tableauu i sada je postao vrlo privlačno područje, zar ne?"
0:23:03,0:23:04,"I mi smo tako rano u tome, zar ne?"
0:23:04,0:23:10,"Govorite o pet godina prije, Arovio je bio vrlo, znate, to je bilo davno, bilo je pet godina, nije tako davno."
0:23:10,0:23:18,"Dakle, imam osjećaj da, da bih se stavio, mislim da guraš brendiranje u pravom smjeru."
0:23:18,0:23:19,"Da, to je tako."
0:23:22,0:23:30,Već smo dvadeset minuta u tome i još nismo doista došli do bitka o čemu sam htjela razgovarati.
0:23:31,0:23:32,Pa krenimo u budućnost.
0:23:32,0:23:39,"Dakle, znate, razmotrili smo i ponovili promjene IDFA-e i sve što se tamo događa."
0:23:39,0:23:49,"Dakle, nećemo, znate, ako niste upoznati s ovim i slušate ovaj podcast, možda slušate pogrešne podcaste, ali pročitajte blogove i druge stvari o promjenama u privatnosti tvrtke Apple."
0:23:49,0:23:50,"Dakle, nećemo to ponoviti."
0:23:51,0:23:54,"Ali ono što želim čuti s vaše perspektive, posebno."
0:23:54,0:24:02,"Dakle, s vaše perspektive, posebno s ovim kvantitativnijim pristupom marketingu na temelju performansi, što vi vidite sljedeće?"
0:24:02,0:24:04,"Dakle, napravite korak unatrag."
0:24:05,0:24:12,"Apple je tek prošli tjedan odgodio ove promjene, mislimo da su prošle šest mjeseci, rekli su početkom sljedeće godine."
0:24:13,0:24:21,"Dakle, od danas, u rujnu 2020., vjerojatno imamo šest mjeseci do kada Apple donese ove propise."
0:24:21,0:24:29,"A onda, nakon što budu doneseni, stvari će potrajati mjesecima da se riješe i zaista shvatite kako će se stvari odvijati."
0:24:29,0:24:50,"Zato bih voljela čuti vaše mišljenje o tome kako izgledaju sljedećih šest mjeseci, izgradnja alata koji će biti učinkovit u ovoj novoj paradigmi, a zatim kakav je vaš dugoročni pogled na mobilni marketing u ovoj novoj paradigmi koja je prijateljska prema privatnosti koju je Apple usvojio uredbom."
0:24:51,0:24:51,Da.
0:24:52,0:25:01,"Dakle, mislim da je uvijek bilo troistupanjskog pokretanja infrastrukture i strategije nakon IDFA-e, zar ne?"
0:25:02,0:25:04,"Dakle, metafora koju sam upotrijebio za to je poput."
0:25:04,0:25:08,"To je kao da tornado uništava vaš dom, zar ne?"
0:25:08,0:25:10,Kao da ste izgradili ovaj dom i uživate u životu u njemu.
0:25:11,0:25:14,"Vjerojatno znate da, evo, živim u uličici tornada."
0:25:14,0:25:15,To je samo pitanje vremena.
0:25:15,0:25:18,Ne bih trebao graditi na Googleu ili Apple Street.
0:25:18,0:25:19,"Da, da, da."
0:25:20,0:25:28,"Ali, evo, tamo ste se osjećali ugodno i nikad se zapravo niste osjećali jako motivirano da, ne znam, zaštitite se ili se preselite."
0:25:28,0:25:30,"Ne znam, metafora se ne proteže toliko daleko."
0:25:30,0:25:34,"Ali, u svakom slučaju, imate ovaj lijepi dom i dolazi tornado i uništava vaš dom."
0:25:34,0:25:38,"Mislim, potpuno, ili recimo, vidite ga kako se kotrlja niz kukuruzno polje."
0:25:39,0:25:41,"I znate, to će uništiti vaš dom, zar ne?"
0:25:41,0:25:45,"Dakle, prvi korak je, znate, pronaći šator."
0:25:45,0:25:52,"Kao da vam je potrebno nešto u čemu ćete živjeti i što će vas zaštititi, kao da ste nakon uništitve, zar ne?"
0:25:52,0:25:56,Samo vam je potrebno nešto što je funkcionalno i drži vas suhim.
0:25:56,0:26:14,"I tako, znate, pronađete šator i onda, znate, znate, kako biste na tome gradili na način koji je nekako postupan i nekako aditivan, ali i funkcionalan, znate, jer ćete istovremeno morati."
0:26:14,0:26:17,"Morat ćete dobiti šator, imate kuću, imate sklonište, zar ne?"
0:26:17,0:26:20,Možete se skloniti i možete zadržati kišu na sebi ili bilo što drugo.
0:26:20,0:26:21,"Što to znači u ovom kontekstu, zar ne?"
0:26:22,0:26:30,"To znači, dobro, imam povezivanje s Appleom putem funkcionalnosti mreže SK, zar ne?"
0:26:31,0:26:34,"Dakle, instrumentirao sam funkcionalnost mreže SK u svojoj aplikaciji."
0:26:34,0:26:41,"Imam postavljenu ATT i ako to učinim, imam pokrenutu vrijednost konverzije ažuriranja, zar ne?"
0:26:41,0:26:43,"Na bilo koji način, odabirem to."
0:26:43,0:26:49,"Ili odabirem rješenje MMP, koje je samo nadogradnja njihovih SDK-ova u mojoj aplikaciji i da to učine, ili to radim."
0:26:50,0:27:01,"sam, ali vjerojatno u ovoj verziji šatora, u ovoj čisto sklonišnoj verziji, uzimam sve postojeće događaje koje već imam u svojoj aplikaciji i samo instrumentiram vrijednost konverzije ažuriranja s tim."
0:27:01,0:27:02,Ne gradim nove događaje.
0:27:03,0:27:03,Nemam vremena.
0:27:03,0:27:04,To je bilo 15.
0:27:04,0:27:05,rujna.
0:27:05,0:27:06,Nisam imao vremena za to.
0:27:06,0:27:13,Samo instrumentiram vrijednost konverzije ažuriranja s postojećim događajima i koristim ih kao osnovu za predviđanje LTV-a.
0:27:13,0:27:15,To je vrsta verzije šatora.
0:27:15,0:27:24,"Sada imam kuću snova koju želim početi dizajnirati, ali dok živim u svojoj šatoru, zapravo je stvarno teško izgraditi kuću snova."
0:27:24,0:27:28,"U redu, pa ono što ću učiniti jest da ću nekako nadograditi šator i možda će se pretvoriti u kolibu."
0:27:29,0:27:36,"Stavit ću na nju neku pločicu s krovom ili nešto slično i instalirati, znate, toalet s ispiranjem ili nešto slično."
0:27:36,0:27:58,"I to se nekako manifestira u okruženju IDFA-e kao da, dobro, ne koristim samo postojeće događaje koje sam već imao u svojoj aplikaciji i pokrenem konverziju ažuriranja na njima, već zapravo razmišljam o tome kako netko nekako izazove LTV za mene."
0:27:58,0:28:02,"Nije to zbog nekog događaja, već zapravo je to poput lanaca događaja, zar ne?"
0:28:02,0:28:05,"Dakle, imao sam radionicu koju sam vodio i o kojoj sam govorio na radionici."
0:28:05,0:28:08,To je kao da sam to učinio i učinio ovo i učinio ovo.
0:28:08,0:28:12,"I to je drugačije nego da sam samo to učinio, ali nisam učinio tu drugu stvar i onda sam to učinio."
0:28:12,0:28:15,"Dakle, to je drugačije nego da sam samo učinio ovo i ne učinio druge dvije."
0:28:15,0:28:25,"Ima sve ove različite kombinacije stvari koje možete učiniti i otkriti koja od tih kombinacija zapravo pokazuje stvarnu vrijednost i otkriti kakve su vrijednosti za njih, zar ne?"
0:28:25,0:28:27,"Dakle, to je vrsta verzije šaha."
0:28:27,0:28:31,"To je kao da imam tekuću vodu i spavam na krevetu, a ne na podu, ali ovo nije moja kuća snova."
0:28:32,0:28:34,I onda cijelo vrijeme nekako dizajniram svoju kuću snova.
0:28:34,0:28:35,"Dakle, osmišljavam svoju kuću snova i specijalizirajem je."
0:28:35,0:28:40,A kuća snova je poput dugoročnog stanja u koje se krećemo.
0:28:40,0:29:03,"Stvar u kojoj se svi uvijek osjećali ugodno da bi je izgradili, a to je bilo potpuno odmaknuti se od determinističkog mjerenja i izgraditi neku vrstu nedeterminističkog paradigme mjerenja koja je zapravo još bolja od determinističkog, jer se potpuno oslanjam na sustav filtriranja proizvoda, sustav klasifikacije proizvoda koji sam prije samo vanjski usmjeravao na Facebook i Google."
0:29:04,0:29:09,"Dakle, ono u čemu su Facebook i Google postali stvarno dobri tijekom proteklih nekoliko godina bilo je neka vrsta."
0:29:10,0:29:16,"usmjeravanja ljudi u vašu aplikaciju koji će zaraditi najviše novca, zar ne?"
0:29:16,0:29:17,Na najvišu moguću razinu.
0:29:17,0:29:20,"Ljudi koji će zaraditi najbolje novce, oni su postali vrlo dobri u usmjeravanju prema vama."
0:29:21,0:29:44,"To su radili na temelju primanja svakog pojedinog događaja iz vaše aplikacije i iz aplikacija drugih ljudi, samo unosivši sve te podatke i klasificirajući te korisnike na temelju toga, stavljajući ih u ove podskupine, poput uglavnom uzimanja svih monetizatora i svih angažera i podjele ih u podskupine na temelju zajedničkih karakteristika, a zatim testiranja različitih kreativnih sadržaja na tim podskupinama kako bi optimizirali troškove oglasa."
0:29:44,0:29:47,I onda vam šalju ovu skupinu ljudi koja je unaprijed provjerena i unaprijed kvalificirana.
0:29:48,0:29:50,"To je stvarno sjajno, ali to ne može biti veće od onoga što je."
0:29:51,0:29:55,"Facebook i Google će vam poslati broj ljudi koje će vam poslati, a vi ne možete biti veći od toga."
0:29:55,0:29:59,Možete pokušati izgraditi monetizaciju na način da im se izvuče više novca.
0:29:59,0:30:01,To je bila optimizacija oglasa.
0:30:02,0:30:03,Sada to ne možete učiniti.
0:30:03,0:30:19,"Dakle, ono što ste prisiljeni učiniti jest zapravo prihvatiti teži pristup, ali potencijalno korisniji, a to je uzeti ovu veliku raznoliku skupinu ljudi koje će vam Facebook i Google poslati, pokušati ih klasificirati i pokušati dati svima, svakoj od tih ljudi ono što žele, s nekim potencijalom."
0:30:19,0:30:24,S određenom razinom monetizacije koja je povezana s tom razinom otpornosti.
0:30:24,0:30:38,"I tako, ako to učinite, vjerojatno imate veću priliku nego da se oslanjate samo na Facebook koji filtrira monetizatore, filtrira ne monetizatore i šalje vam samo tu vrlo, vrlo ciljano skupinu ljudi."
0:30:39,0:30:45,"Mislim da je prilika ovdje veća, ali više je posla na oglašivaču."
0:30:45,0:30:50,"I sve to filtriranje će se dogoditi na sloju sadržaja, dok se prije dogodilo na sloju oglasne platforme."
0:30:50,0:30:54,"Dakle, kad kažete vjerojatnost mjerenja, vi ste."
0:30:54,0:31:04,"Znate, kad vam Apple i Google sada šalju mnogo manje ciljane, mnogo manje, kao što ste rekli, ne samo te monetizatore, već i veću skupinu."
0:31:04,0:31:15,"Mislim, pa sada u svijetu dobivate ID, IDFA, i možete točno izmjeriti koliko ta osoba troši, znate, RevenueCat može to poslati i dodati vrijednosti i izvan mreže."
0:31:16,0:31:21,"A sada, kao i s ažuriranjem vrijednosti konverzije, mislim da je najveća stvar da je ažuriranje vrijednosti konverzije jedinstveno."
0:31:22,0:31:23,"Ne možete ga neprestano ažurirati, zar ne?"
0:31:24,0:31:25,Ne možete ga neprestano mjeriti.
0:31:25,0:31:30,"Kao što mislim da imam poteškoća s vizualizacijomacije, što zapravo imate?"
0:31:30,0:31:34,"Imate li široku, ne klasificiranu skupinu korisnika?"
0:31:34,0:31:36,Što zapravo znate kad govorite o vjerojatnosti?
0:31:36,0:31:38,"Kažete, oh, ovo je poput distribucije LTV-a."
0:31:39,0:31:41,Je li to ono što pokušavate doći do toga?
0:31:42,0:31:51,"A zatim to obavještavate oglašivače ili što, što su na terenu, kakvi su stvarni koraci koje poduzimate kako biste se pomaknuli prema vjerojatnom svijetu?"
0:31:51,0:31:52,"Dakle, točno tako."
0:31:52,0:31:56,"Dakle, ironija je da je, znate, 2016."
0:31:58,0:32:02,"Facebook je predstavio ADO 2017., a 2016."
0:32:02,0:32:04,Google je postao crna kutija s UAC-om.
0:32:04,0:32:17,"Dakle, sve što je to učinilo bilo je omogućiti oglašivačima da sve to izvrše, ali znate, rad je poput pritiska ručnog gumba i promjene ponuda i sve slično."
0:32:17,0:32:38,"Ali ono što su onda oglašivači morali učiniti kako bi optimizirali te kampanje bilo je zapravo duboko ući u lijevak iskustva aplikacije i pronaći te događaje koji su bili najbolji pokazatelji konačne vrijednosti za tog korisnika i poslati ih natrag i reći: Evo, Google, pronađi više ljudi koji to rade, zar ne?"
0:32:38,0:32:39,Jer to je ono što je potrebno.
0:32:39,0:32:44,"U redu, jer je to ono što je potrebno, a zatim pokušati što ranije unaprijediti korisničko iskustvo kako bi vrijeme za obradu bilo stvarno brzo."
0:32:44,0:32:52,"Pa, ovo je samo pojačano vježbanje jer prije, znate, dobro, stvarno ste imali samo jedno događanje s AEO-om, imali ste samo jedno događanje, zar ne?"
0:32:52,0:32:54,"Ovo je ono za što optimizujem, zar ne?"
0:32:54,0:33:00,"Ali sada je to samo ekstremnija verzija toga jer, dobro, da, stvarno imate samo jedno događanje."
0:33:00,0:33:02,"Imate samo jedno događanje iz kojeg možete odabrati, zar ne?"
0:33:02,0:33:09,"I također, morate to konstruirati na način da, znate, ne može biti samo jedno događanje, zar ne?"
0:33:09,0:33:17,"Jer ako je samo jedno događanje, ljudi prolaze kroz iskustvo i pokreću to događđaj, a kasnije pokreću nešto što ima veću konverziju koju ste mu dodali."
0:33:17,0:33:18,Zapravo nećete znati.
0:33:18,0:33:28,"Morate konstruirati iskustvo tako da svaki put kad vidite konverziju, znate da je kaskada nižih konverzija implikirana."
0:33:28,0:33:32,A onda morate optimizirati za tu jednu stvar na način da se to dogodi ili ne.
0:33:33,0:33:37,"A ako se to ne dogodi, to šalje signal vrlo niske vrijednosti."
0:33:37,0:33:42,Ideja je da je sav taj posao koji su timovi UA-a uglavnom postali analitički timovi.
0:33:42,0:33:48,Jer je sve pritisnuto gumbom apsorbirano u platforme Facebook i Google.
0:33:48,0:33:52,Sada se to samo pretvara u još ekstremniju verziju toga jer dobivate samo jednu konverziju.
0:33:52,0:33:56,Sva vrijednost koju želite uhvatiti mora se destilirati u tu jednu vrijednost konverzije.
0:33:57,0:34:01,"I tako, to nije samo vježba u analizi, već je to vježba u dizajnu proizvoda."
0:34:01,0:34:09,"I ove dvije stvari se povezuju na način da tim UA zaista ima snažan utjecaj na dizajn proizvoda, pogotovo u ranoj fazi."
0:34:10,0:34:24,"I zapravo rade ovakve vrste analitičkog vježbanja i određuju, dobro, kako mogu ne samo mjeriti vrijednost ove lanca događaja, već kako mogu konstruirati lanac događaja tako da signalizira?"
0:34:24,0:34:25,To pokazuje veliku vrijednost.
0:34:25,0:34:26,Kako mogu staviti korisnika na put?
0:34:26,0:34:34,A onda mislim da je najveći nadogradnja vještine u ovoj post-IDFA eri personalizacija.
0:34:34,0:34:46,Kako mogu u stvarnom vremenu promijeniti proizvod na temelju načina na koji korisnik s njim komunicira kako bih ih stavio na put koji im daje priliku da se uključe u bilo kojoj mjeri koju žele.
0:34:46,0:35:01,"Ne imati taj jedinstveni doživljaj proizvoda, već zapravo imati ovaj doživljaj proizvoda koji se mijenja s njihovom interakcijom, što im daje više onoga što žele i otključava tu vrijednost za njih., jer vidim da, dobro, žele ovo, dajem im to."
0:35:01,0:35:07,"Budući da više ne ciljate samo ovaj profil, kao što su visoki trošitelji, zar ne?"
0:35:07,0:35:13,Više ne trebam imati jedan iskustvo s proizvodom koje se koristi za pronalaženje jedne niše publike.
0:35:14,0:35:18,"Mogu imati sve iskustva s proizvodom jer dobivam sve publike, zar ne?"
0:35:18,0:35:18,"Dakle, trebam."
0:35:19,0:35:19,Da.
0:35:19,0:35:42,"To što ste dotaknuli, o čemu smo puno razgovarali s Davidom, a to je ideja da ne mogu pomisliti da je ovo neobično ponašanje, opisat ću ga kao neobično za vrijednost kon u mreži oglasa SK će se vratiti u oblik, mislim, to je jedna od onih stvari u kojima, recimo, idete u grad i pitate se zašto je oblikovan na ovaj način?"
0:35:42,0:35:44,"Pitate se, oh, jer je ovdje nekad bilo rijeke, zar ne?"
0:35:44,0:35:44,Ili nešto slično.
0:35:45,0:36:01,"Postoje, recimo, kaskadni efekti koji će promijeniti način na koji će se, u osnovi, ne sve aplikacije, ali aplikacije koje su izgrađene na monetizaciji ili stjecanju korisnika morati graditi oko ove, ove API-jeve, za koju mislim da nije bila potpuno dobro osmišljena."
0:36:02,0:36:05,"I tako, i to su vanjske aspekte koje Apple ne uzima u obzir."
0:36:05,0:36:08,Nisam siguran da su shvatili količinu.
0:36:09,0:36:17,"Mislim da je Apple samo rekao: Pa, neka im samo postavite vrijednost i sve će biti u redu."
0:36:17,0:36:19,To je kao da ljudi neće ništa učiniti.
0:36:19,0:36:23,"To je konkurentni tržište i ljudi će pokušati pronaći prednosti, zar ne?"
0:36:23,0:36:35,"To je nešto u čemu mislim da je Apple propustio od samog početka trgovine aplikacijama, a to je razumijevanje načina na koji njihove individualne, naizgled male odluke na kraju oblikuju cijeli tržište."
0:36:35,0:36:45,"To je kao da je Apple, mislim, od samog početka imao vrhunske ljestvice, a vrhunske ljestvice bile su potpuno drugačuno temeljili na volumenu."
0:36:45,0:36:48,Nije bilo pojma o prihodima ili bilo čemu drugom.
0:36:48,0:36:54,"I tako, kad je aplikacija izašla u prodaju, udvostručila, utrostručila, četverostručila broj jedinica."
0:36:54,0:36:56,To je guralo na grafikone.
0:36:56,0:37:04,"A kad ste se popeli na vrh grafikona, to vam je donijelo izlaganje, tako da ste mogli dobiti pozornost samo smanjenjem cijene i prodajom."
0:37:04,0:37:06,"A onda ste bacili i hrpu u UA, zar ne?"
0:37:06,0:37:09,Baš kao da radite sve što možete samo da biste se probili u top deset.
0:37:11,0:37:13,A onda je to kao da se održavate jer ste visoko na grafikonu.
0:37:13,0:37:16,To daje društvene mreže.
0:37:16,0:37:18,Sve zbog jedne kartice.
0:37:18,0:37:20,Jedna kartica u trgovini aplikacijama.
0:37:21,0:37:36,I bilo je toliko stvari koje je Apple učinio i koje su oblikovale cijeli tržište trgovine aplikacijama da se čini da nemaju jasnu sliku o tome koliko stvarno oblikuje stvari.
0:37:36,0:37:38,I ovo je poput sljedećeg primjera.
0:37:38,0:37:40,To je kao da sada imamo SKA mrežu.
0:37:41,0:37:42,Imamo jednu vrijednost konverzije.
0:37:42,0:37:44,Ne možete je ažurirati u pozadini.
0:37:44,0:37:45,Možete to učiniti samo jednom.
0:37:45,0:37:48,Ima ove čudne vremenske brojke i kao da se toliko toga događa.
0:37:48,0:37:53,I kao da sada za sljedećih pet godina ili mislim da ćemo vidjeti hoće li napraviti promjene.
0:37:53,0:37:54,Mislim da je Jacob potpuno u pravu.
0:37:54,0:38:07,"Cijeli će se tržište aplikacija preoblikovati oko oblika SK Ad Network, a ne oko postojećih alata."
0:38:08,0:38:11,Mislim da će biti stvarno fascinantno vidjeti kako će se to odvijati.
0:38:11,0:38:15,"Dakle, Eriku, imaš li, predviđaš li strategiju Applea ovdje?"
0:38:15,0:38:20,Misliš li da igraju šah u deset dimenzija pokušavajući vidjeti kako bi industrija reagirala?
0:38:20,0:38:28,"Ne moraš otkriti izvore, naravno, ali ja sam na pola puta između toga da su to učinili namjerno kako bi pokušali natjerati ljude da se kreću."
0:38:28,0:38:29,"Da bi ljudi krenuli, što je u redu, bilo što."
0:38:30,0:38:35,"A onda polovica mene misli da su na pola puta shvatili, oh, mi smo se uključili."
0:38:35,0:38:37,To je vjerojatno veća stvar nego što smo očekivali.
0:38:38,0:38:43,"Da, mislim da jednostavno ne cijene složenost dinamike trgovine aplikacijama, zar ne?"
0:38:43,0:38:48,"Kao što ste rekli, mislim da se u trgovini aplikacijama generiraju milijarde i milijarde dolara."
0:38:48,0:38:49,To je mali tržišni segment.
0:38:50,0:38:59,"I tako ljudi ulažu trud u pronalaženje načina da iskoriste maksimalnu prednost, bilo koji polugu koju im daje Apple, zar ne?"
0:39:00,0:39:03,I tako ljudi sada proučavaju dokumentarac o Scandalworku.
0:39:03,0:39:08,"Dokumentiranje na mreži pokušava pronaći načine, recimo, kako najbolje iskoristiti vrijednost konverzije."
0:39:09,0:39:12,"I imate pravo, to će oblikovati dizajn aplikacija."
0:39:12,0:39:14,"To će biti potpuno nova dizajnerska paradigma, zar ne?"
0:39:14,0:39:28,"Jer pokušavate dobiti tu visoku vrijednost konverzije koja se pokrene rano i pokušavate je mapirati na nešto što se događa vrlo rano, pa ćete se samo koncentrirati na puno monetizacije vrlo rano, što ne znam, to bi moglo biti šokantno, zar ne?"
0:39:28,0:39:33,"Ali to će biti jedini način na koji možete stvarno povećati rast, zar ne?"
0:39:33,0:39:38,"Dobiti taj signal što je brže moguće i što je jasnije moguće, zar ne?"
0:39:38,0:39:54,"Ne znam, ali mislim da je motivacija za to da ne cijene koliko je složen oglas, vrsta ekosustava performanse marketinga na mobilnim uređajima."
0:39:55,0:40:02,Zapravo nisu potpuno razumjeli koliko je to krhko.
0:40:02,0:40:07,"Ako uklonite ovaj dio, ne možemo se prilagoditi oko njega."
0:40:07,0:40:09,"Ako ga slomite, kupite ga."
0:40:09,0:40:13,Morate ga zamijeniti nečim što je funkcionalno.
0:40:13,0:40:16,"Sada, mislim da je to zasluga Applea, mislim da SKN pruža mnogo."
0:40:16,0:40:18,"Naravno, nije tako potpuno."
0:40:19,0:40:24,"Ako radim prema istoj paradigmi kao što sam radio do sada, da, nije potpuno."
0:40:25,0:40:30,"Ne mogu s njim atribuirati razinu uređaja, ali to je bio cijeli cilj."
0:40:30,0:40:37,"Mislim da je cijeli cilj sada u redu, moramo promijeniti pristup ovakvoj vrsti stvari usmjerene na znanost podataka, gdje zapravo radimo više instrumentacije u aplikaciji."
0:40:37,0:40:39,"Imamo taj trenutak, pa ćemo iz tog trenutka dobiti sve što možemo."
0:40:39,0:40:48,"U osnovi su samo detonirali bombu i mislim da nisu bili spremni suočiti se s takvim posljedicama, ali mislim da je moj osjećaj motivacija."
0:40:48,0:40:54,Moje mišljenje je da je motivacija za to bila više na široj razini tehnološkog ekosustava.
0:40:54,0:40:55,"Da, pa želim naštetiti Facebooku."
0:40:56,0:41:00,Želim vratiti više kontrole nad distribucijom trgovine aplikacijama.
0:41:00,0:41:03,"Da, ne želim da oglasi određuju koje su aplikacije popularne."
0:41:03,0:41:06,Želim biti osoba koja određuje koje su aplikacije popularne.
0:41:06,0:41:09,"I vidite to u borbi s Epicom, u borbi s Heyjem."
0:41:09,0:41:13,"Žele imati potpunu, apsolutnu kontrolu nad sadržajem u trgovini aplikacijama."
0:41:13,0:41:18,I ovo je samo njihovo daljnje kretanje na tom putu.
0:41:18,0:41:23,"Da, što ne razumijem je, dobro, dobro, pustit ćemo Apple Federate."
0:41:23,0:41:24,"Apple federira sve praćenje, zar ne?"
0:41:25,0:41:27,"Dakle, Apple ima individualnu identifikaciju za te korisnike."
0:41:28,0:41:28,Naravno da ih ima.
0:41:29,0:41:30,"I mi ćemo svi reći, dobro, neka to učini Apple."
0:41:31,0:41:32,"Pouzdani su, potrošači im vjeruju."
0:41:32,0:41:34,"Razvijatelji, nemamo izbora."
0:41:34,0:41:35,I tako neka bude.
0:41:36,0:41:42,Ono što ne razumijem posebno s vrijednošću konverzije ažuriranja jest da vam pošaljemo podatke visoke razlučivosti.
0:41:42,0:41:44,"Možete ih očistiti, promijeniti."
0:41:44,0:41:46,Možete učiniti sve što želite da ih anonimizirate.
0:41:46,0:41:52,Nemojte nam davati obećanje da ćete to proslijediti izravno mrežama.
0:41:52,0:41:54,Ali neka imamo barem razlučivost.
0:41:54,0:41:58,"I toliko da, kao što smo ranije rekli, nemamo ih."
0:41:59,0:42:03,"Wow, svaki lijevak izgleda kao da se pokušava staviti u sedam bitni broj ili nešto slično."
0:42:03,0:42:04,"Da, zar ne?"
0:42:05,0:42:05,Samo zbog toga.
0:42:05,0:42:06,"Dakle, ne znam."
0:42:06,0:42:08,Moja je nada da možda slušaju.
0:42:08,0:42:09,Vjerojatno slušaju ovaj podcast.
0:42:09,0:42:10,Pozdrav Apple.
0:42:10,0:42:37,"Ali, ali, uzet će neke od ovoga jer mislim da postoji, mislim, i napisali smo toliko o tome, ali postoje neke stvarno dobre prednosti ovog sustava i mislim da nitko nije protiv toga u načelu, ali, ali, da, samo sam jako uplašen jer, na kraju, ako pogriješe, vidjet ćemo da će se aplikacije kretati u smjeru koji je samo za njih da izvuku najvišu vrijednost u cijelom ekosustavtavu i ne nužno pružiti sjajne iskustva svakom korisniku, zar ne?"
0:42:37,0:42:41,I mislim da je praćenje niže razlučivosti u tom smislu zapravo moguće dovesti do toga.
0:42:41,0:42:42,"Dakle, ne znam."
0:42:42,0:42:44,"To je moja nada, ali ćemo vidjeti."
0:42:44,0:42:53,"Vidjet ćemo hoće li, ako, pretpostavljam da će to uskladiti s objavom u ožujku, to bi bio moj pretpostavka, ali samo u vezi s vremenom, mislim da planiramo da se to dogodi u siječnju."
0:42:53,0:43:02,"Mislim da je to, mislim da morate ostati disciplinirani u svom planu odgovora kao što ste bili unaprijed najavljeni, unaprijed odgođeni."
0:43:02,0:43:02,Točno.
0:43:02,0:43:08,"Mislim da je to zato što mislim da će mnoge ekipe učiniti da se opuste i onda, znate, i onda."
0:43:08,0:43:09,"Znate, a onda je kao, oh, je li to u siječnju?"
0:43:09,0:43:12,"Pa, znate, upravo smo imali Božić, bla, bla, bla."
0:43:12,0:43:13,Kao da nismo spremni.
0:43:13,0:43:13,Nismo spremni.
0:43:14,0:43:16,I ne mislim da Apple daje drugi odmor.
0:43:16,0:43:19,Nema drugog odmora izvršenja.
0:43:20,0:43:22,Mislim da će biti nula simpatije drugi put.
0:43:22,0:43:28,Ali mislim da ćete vidjeti puno timova koji nisu ništa postigli između sada i trenutka kada će biti najavljeno.
0:43:28,0:43:31,"Ali mislim da je problem s konverzijskim putem, znate, u redu."
0:43:31,0:43:35,"Dakle, ako se premjestimo, premještamo se u ovaj sustav u kojem se svi kreću u sredinu."
0:43:36,0:43:53,"Svatko, više ne radimo ovako široko spektrum različitih vrsta aplikacija koje su dizajniraneani su za jednu vrstu nišne publike i to ih dobro monetizira jer, evo, ova nišna publika želi ovaj specifični primjer upotrebe i tako su voljni platiti mnogo za to jer to je ono što žele."
0:43:54,0:44:02,"Ali umjesto toga, mi smo izgradili ove vrste kontejnera koji bi mogli biti bilo kakva vrsta iskustva koje, znate, zamišljamo za ove velike široke publike."
0:44:02,0:44:08,"To vas može staviti na mračno mjesto jer počnete govoriti o hardcore, poput ekstremne diskriminacije cijena."
0:44:09,0:44:20,"Znate, počnete pokušavati dinamično prilagoditi sve kako biste pokušali, ehm, gurnuti ljude na put koji je najbolje, najbolje, je izraziti svoju namjeru da zaradite novac."
0:44:20,0:44:36,"I znate, dobivate takve čudovišta, znate, takve aplikacije Frankensteinovih čudovišta koje imaju, znate, deset različitih ljudi koji mogu završiti igrajući deset različitih igara ili deset različitih ljudi koji mogu završiti iskustvom deset različitih iskustava."
0:44:36,0:44:42,"I vi gradite, gradite specifične sustave samo da pokušate da ljudi zarade što više, gotovo kao u kasinu."
0:44:44,0:44:53,"Znate, mislim da to može krenuti u tamnom smjeru, znate, jer je, opet, kao što ste rekli, to je kao da su ljudi prilagođeni, postoji neka vrsta prvog reda."
0:44:53,0:44:58,"Prva je prilagodba, a zatim postoje svi načini na koje se ta prilagodba razvija u budućnosti."
0:44:58,0:45:01,"I utječe na korisnike, puno korisnika koji nikad nisu vidjeli oglas, zar ne?"
0:45:02,0:45:02,"Da, da."
0:45:03,0:45:03,Svatko.
0:45:04,0:45:13,"Ali ako razmišljamo, evo, moram personalizirati jer imam mrežu SKAD-a, pa implementiram neku personalizaciju, a zatim samo s vremenom poboljšavam i poboljšavam i poboljšavam i poboljšavam to."
0:45:13,0:45:21,"A onda se pretvara u sustav u kojem, evo, imam sustav u kojem znam da mogu izvući tisuću dolara od igrača u prvih trideset minuta, zar ne?"
0:45:21,0:45:28,"Jer sam ga na neki način prilagodio da reagira na to, da reagira na njihovo ponašanje."
0:45:28,0:45:30,na način da je to super učinkovito.
0:45:30,0:45:30,Točno.
0:45:30,0:45:34,I to je gotovo kao nepredstavljiva posljedica toga.
0:45:34,0:45:37,"Ali ako se dobro zamislite, to će se dogoditi."
0:45:37,0:45:44,"Ako počnete govoriti, ako počnete motivirati programera da se usredotoče na hardcore personalizaciju, to je točno ono što ćete na kraju dobiti."
0:45:44,0:45:46,"Na kraju ćete dobiti ove sustave nakon nekoliko godina, zar ne?"
0:45:46,0:45:51,"Prva reakcija je samo, hello, hoćete li dobiti početni paket od osam dolara ili želite početni paket od dva dolara?"
0:45:51,0:45:53,To je prilično bezopasno.
0:45:53,0:46:03,"Ali, kao vrsta mutirane, evoluirane verzije toga, to je poput, hello, netko, kao da imam nekoga koji dolazi u igru i imam dizajn sustava koji može zaraditi tisuću dolara u dvadeset minuta."
0:46:06,0:46:10,"I to nisu samo ljudi koji su najviše obožavatelji ove vrste igara, zar ne?"
0:46:10,0:46:14,"Jer mislim da je to nešto poput, znate, postoje igre koje to rade, ali vi kažete, dobro, to je niša publike."
0:46:14,0:46:34,"To su ljudi, to su stotine tisuća ljudi na svijetu koji vole ove vrste igara i konačno im ih donosimo i oni su uvijek htjeli, to je malo drugačije nego kad kažete, eh, izgradili smo ovaj veliki širok šator i pozdravljamo svakoga, a onda jednostavno odvajamo ljude na temelju nečega što zapravo ne znaju o sebi, potencijalno."
0:46:34,0:46:35,"O, da."
0:46:35,0:46:37,Alati koje upotrebljavate da biste došli do te točke nisu važni.
0:46:37,0:46:42,"Ne radi se samo o značajkama proizvoda, već i o psihološkim značajkama, zar ne?"
0:46:43,0:46:43,Wow.
0:46:44,0:46:53,"Pa, prešli smo na vrijeme da završimo s tom veselo distopijskom notom o budućnosti trgovine aplikacijama."
0:46:53,0:46:56,"Da, htjela sam reći da imamo četiri minute."
0:46:56,0:46:57,Napravimo još jedan brzi hit.
0:46:58,0:47:03,Dajte mi odgovor od 90 sekundi da možemo završiti s nečim barem malo zanimljivijim i pozitivnijim.
0:47:04,0:47:10,"Nadam se da će jedna od mojih najvećih briga, a ovo će biti teško odgovoriti za 90 sekundi, ali možete to učiniti, Eriku."
0:47:10,0:47:12,Jedna od mojih najvećih briga s ovom aplikacijom Shift Ask.
0:47:12,0:47:17,Sljedeća stvar koja mi se čini s ovim prebacivanjem na mrežu je da će manje aplikacije biti u nepovoljnom položaju.
0:47:17,0:47:32,"Dakle, ako trošite deset tisuća dolara mjesečno i pokušavate razviti svoju aplikaciju, gdje mislite da će se stvari razvijati za manje aplikacije u odnosu na milijun dolara mjesečno, veliku tvrtku koja je već mirnija, ima veliku ekipu i može potrošiti novac na eksperimente."
0:47:32,0:47:40,Gdje mislite da će se to razvijati za manje aplikacije i da će moći mjeriti stopu i vjerojatnost i sve slično?
0:47:40,0:47:45,"Pa, mislim da stopa, mislim, opet, ne mislim da postaje jako relevantna na vrlo niskoj razini, zar ne?"
0:47:46,0:47:47,Jer ne pokušavate razlikovati.
0:47:48,0:47:55,"koja je oglasna jedinica pružila vrijednost ili koliko je vrijednost pružila svaka oglasna jedinica jer ne pokazujete ljudima četiri ili pet oglasa dnevno, zar ne?"
0:47:55,0:47:56,Ne trošite toliko.
0:47:56,0:47:57,Ne znam.
0:47:58,0:48:08,Mislim da me brine da ćete se s manjim oglašivačima uhvatiti u zamku praga privatnosti u kojem morate imati određeni broj konverzijskih vrijednosti koje se šalju prije nego što ih Apple počne prijavljivati.
0:48:08,0:48:12,Morate imati određeni broj instalacija iz kampanje prije nego što ih Apple počne prijavljivati.
0:48:12,0:48:22,"I tako, ako previše diversificiramo promet, što mnoge tvrtke čine, ako troše sto tisuća mjesečno, i dalje koriste pristojan broj mreža, jednostavno neće dobiti nikakve podatke natrag."
0:48:23,0:48:30,"U redu, to nije bila pozitivna nota na koju sam se nadao završiti, ali ćemo vidjeti kako će se sve to odviti."
0:48:30,0:48:42,"I sjajno je, mislim, znate, to je gospodarstvo i gospodarstva se prilagođavaju, a Apple ima mnogo poluge koje može povući između sadašnjosti i najave kako bi poboljšao stvari."
0:48:42,0:48:48,"A onda kad bude objavljeno, ima mnogo poluge koje mogu povući kako bi u provedbi prilagodbi tijekom vremena."
0:48:48,0:48:56,I mislim da odgađanje promjena zapravo je barem pozitivan znak da obraćaju pozornost i žele da se sve odvija ispravno.
0:48:57,0:49:14,"Dakle, možda je to naša pozitivan znak, da su neke stvari, koliko god bile loše, iako se neke stvari činile lošima, mislim da Apple obraća pozornost i mislim da, znate, postoje poluge koje mogu povući kako bi stvari nastavile poboljšavati s vremenom."
0:49:14,0:49:16,"Ali, da, mislim da moramo brzo završiti."
0:49:16,0:49:21,"Eric, gdje te ljudi mogu pronaći i želiš li nešto podijeliti u posljednji trenutak?"
0:49:22,0:49:29,"Da, pronađite me na Twitteru na Ericu, podsjetite se na super, pronađite me na webu na mobildevmemo.com."
0:49:29,0:49:32,Tek danas sam najavio investicijsku seriju Mobile Dev Memo.
0:49:33,0:49:35,"Sindikat za ulaganja Memo, tako da ćemo pokrenuti neku vrstu sindikata iz zajednice."
0:49:35,0:49:40,Nadam se da će uskoro biti neke zanimljive investicije koje ćemo najaviti.
0:49:41,0:49:42,"Da, i to je sve."
0:49:43,0:49:44,Ovdje sam.
0:49:44,0:49:45,"Hvala ti, Eriku."
0:49:46,0:49:47,Bilo je sjajno imati te.
0:49:47,0:49:48,"Da, hvala."
0:49:48,0:49:49,"Da, čestitke."
0:49:51,0:49:57,"Da biste bili sigurni da nikad ne propustite epizodu, pretplatite se na emisiju na svom omiljenom reproduktoru podcasta."
0:49:57,0:49:59,Hvala vam puno što ste slušali.
0:50:00,0:50:05,Do sljedeći put.
